1025794
1340192
0056978
0698580
0450014
1042824
0894380
1427680
0817494
0716386
0951982
0731614
0582363
1082409
2031775
0950991
0869722
0979376
1002439
0864665
1207591
0582372
0729223
1319365
0548719
0577855
1423583
1187431
0610657
0869742
0687610
1042021
0482761
0064933
1019011
0732456
0218039
2223757
0983618
1327285
0065840
0980196
0995286
1514487
0213505
1459191
1063986
0056337
0409532
0771164
0632010
0901504
0063052
0143080
1089989
0907359
0875281
1197395
1149060
1059846
0786258
1512865
0523223
1115308
1739565
0994986
0193983
0822348
1152739
0907429
0209554
1187709
0847273
0923506
0059101
1548405
0438655
0921022
1094669
0198443
0851647
0247942
0564495
0826475
0065422
1189268
0054367
1918572
0337947
1143132
0789826
1942698
0458661
0447807
0074464
1296896
0056331
0592977
0610653
0523229
1899111
0069776
0569402
1538841
0830001
1323729
0799595
1110775
1393334
0728390
0907408
1396876
0492497
0097935
1691783
0278443
0090868
1927313
0178292
0114409
0986161
1295999
1879894
1564774
0097577
0074247
2115318
0687267
0748299
1251289
1560581
0848057
0066279
2080684
1102458
1906287
0438658
1368847
1871885
2236962
1846193
1702255
0420818
2186493
0127627
0699596
2117477
2031382
1532634
2244446
0242845
2026894
1059090
1398863
0302648
0987619
0988944
0853774
1758545
0122393
2066262
0829999
0939568
0328123
1933719
0740907
0933127
1758606
1264479
1093636
0457865
0723229
0706205
2103080
1459173
0657761
1818731
1627446
0807405
0074245
0097119
1543563
1147739
1337392
0225225
1053446
0130599
1687908
0604668
0114439
1543529
1258418
0618967
0977330
1384649
0912693
1362802
0942001
0143341
0894220
0944253
0817558
0928043
1650651
1823113
1401747
1726606
1615563
0731199
0784350
1283644
0467430
0745448
0702868
0842381
2188618
1973457
1861153
2091304
0961750
0904850
0361351
1117081
2080548
0905907
1885885
1259152
0442918
2101958
1730978
1773981
1718899
0721593
1759296
1060500
2219111
1222170
0400397
0694487
1503761
1774585
0357855
0956171
1611252
1084518
0984409
0701140
1498556
2188154
0183579
0067671
0067036
2211307
1121142
1368334
2184061
0337266
1846150
0382052
1763666
2030599
0798632
1244288
0497534
1446341
2236966
0957983
0257025
0788947
1852201
0713745
0422707
0443893
0706175
0988468
2099419
0781150
1913792
1043795
0977350
1561334
1390305
1692197
1237622
1385341
2122829
1470793
1136124
0081597
1712591
1885830
1320110
2137130
1806234
0900469
2002333
2239287
0710454
0694546
1375368
1818747
1016538
2071807
2047628
1910716
0722225
0292868
1874495
1313348
1476615
1052314
1921783
1353293
1001620
1639843
1361120
0641165
0200422
1189521
0383399
1774010
0840357
1471544
1246918
1948449
0443884
0723572
1582314
0522872
0476825
1133077
0223783
1842042
1326767
0804670
1008872
0139685
0869644
1068733
0092334
0677583
1009031
0688093
1831093
1707740
1013082
0606502
0730970
0962875
2161794
1251094
1707955
1985184
1145144
0843964
1842078
0147038
0535113
0809727
1283510
1099245
1062969
0852827
1028187
1281453
0993061
0926105
0448006
0765599
0487370
1486682
0928792
0894316
0744732
0783526
0821422
0829998
0151661
1340228
1037501
0885966
0447749
0448050
1245215
1200648
0257378
0179070
0065979
1245887
0476345
0786259
0487356
0365342
0198433
0182189
0684605
1059813
1230223
0482818
0368505
0522830
1099216
0963590
1365495
1879895
0098489
1097975
0454746
2147232
1259556
0487374
2221713
1202048
1325476
0090864
0894208
0367768
0766954
0876439
0983542
1356102
1284239
0336925
0939497
0785021
0065292
1389219
0859029
1387195
1398832
1226606
1828267
0744234
0950401
1566619
2244841
1256464
0425365
0492477
2221710
0056299
1600251
1098953
0983934
2222716
1358854
1143409
1700644
1018463
2047538
0442373
1146172
1514578
1469691
1997878
0766314
0650456
0367973
2079513
1088007
1376174
2091929
1309306
1928510
2197330
1541386
1539525
2224813
2147921
0273150
1560579
1566616
0275117
0685368
0523013
0814906
2067977
1031497
1713246
1945514
0802262
2170854
0923571
0838565
0701760
0765781
0225217
0255363
0056297
1107747
0902418
1356930
1155017
2013757
0694466
1527502
0184351
0218812
0458643
0863830
0715299
0496749
0478342
1767104
1534214
1650624
1146631
1910711
0138993
0447753
1647406
1004797
0328231
1256349
1810927
1944650
1297523
1316606
0977347
0313720
0482793
0442375
0469140
1150188
0662343
0428735
1771968
1564943
1156768
1486383
1298912
1629329
0361100
0507837
1605155
1902309
1703213
1714716
0756688
0866844
2248958
0184346
2200399
0197363
1342822
2004902
2171010
1383295
1390310
0188143
0494862
0738257
1307327
0179066
1862132
2227599
1182368
0958129
2197329
1631498
2213535
2183378
2132127
0117996
1413233
1031454
1382524
1380490
0704276
0478909
0171401
2239584
0679350
1420545
2029863
0967855
1327286
0788471
2217849
0487364
0573943
1553071
0716370
1601329
0061139
0362089
1143413
0907431
1778114
2010056
1018873
0067034
0498141
0481979
1933933
1682647
0233755
1901133
0068813
1910860
0182729
1708101
1294490
0127058
0552041
1165767
1810723
2026597
2205728
1368863
0837880
1741519
1336856
1182360
1031445
2004856
1980188
0835837
1476102
2215846
1006793
0931734
0768173
0476351
0151672
2083668
1582400
1607459
1740623
1913767
1976400
0338174
1546804
1027002
0487358
1870569
2075625
0469128
1456005
2176725
1228882
2103110
1095676
0752124
2234650
0732201
1847312
1795133
0939579
1206451
1820319
2110536
0658068
2172265
1758487
1401062
1146233
1696058
1514936
0467445
1877324
0507685
1379983
1234647
0240319
0704510
2200425
1418227
2044875
1936431
1787739
1330831
2106885
2221303
2130084
2081094
2013756
1496408
1790501
2244063
1505793
1810920
1891190
2119860
2069690
1627991
0123344
2204922
2104765
2044277
2035343
1606745
1246993
1557747
1763802
2029861
1913641
1604058
1191065
1606594
0102223
2025767
1113588
0447940
0576242
0584536
0116704
1977078
1355230
0071197
0768404
0063290
0361112
0836146
0482796
0345781
0136190
1856982
1559371
0346147
1004164
1255726
1013519
0483243
1423425
0907390
1088805
0185316
0067397
1291894
1609206
1906074
0523221
1908065
1621237
1561989
1013358
0853397
1758544
0618871
0681535
0765780
1346444
0949946
0127637
0843145
0094394
2084806
1446456
0487316
0181735
0114420
0215875
2175624
0994754
0901514
1132271
0203222
1486858
1906073
0923502
1027362
1831097
1464252
1270583
1313523
0396589
1607382
0934705
1312250
2098098
1351410
1945366
1165189
1255446
1539428
1058491
1117069
1380336
0481842
1227531
1658655
1909808
1639831
1056320
1296212
1355236
1385121
1814161
2210075
1871272
1869981
1864330
1355481
1376172
1165384
1103086
1191117
2090080
1396939
1757004
1879116
0481841
1018875
0205770
2146985
1237633
1031451
1483441
1589410
0709185
1363952
0625763
1003143
1564781
0979624
1636535
1105737
0973383
2246105
0445491
1818746
1327284
0672114
0248132
1300487
0939503
2088369
1917860
1333717
1268547
1541378
0522853
1614878
1102381
0090861
1221957
0147032
0232377
2057952
0857653
0115072
1641331
0367794
0304209
2261957
1586478
1833079
1008426
0205775
0237111
1553898
2152856
0829997
0075759
1389257
0625402
2137087
0274254
2236969
1293019
1110808
0849417
0973290
0523031
0257282
2096354
2040683
0684603
2206288
0625762
2031397
1000045
2195127
2008019
0434343
1616512
0410062
0547318
1958762
0523050
1879898
2168926
0367993
0076836
1568879
1332663
1154702
1645748
1218795
0062131
1599803
1768769
0684562
1079168
2226325
0851313
0523001
2221573
0939608
1790500
1237863
1539325
2238330
1997848
1461298
1103363
2096236
2131538
2197483
1376301
2239590
0273146
1992921
1053428
1184708
0491557
0974301
1549128
1917518
0977515
1870658
2099421
1880805
0225212
2258288
0257026
0523063
1616481
2260895
1585032
2183607
1912969
1017290
1427112
0301964
1444739
0100207
1753661
0684608
1258138
0675670
0457177
1467620
2109389
1936773
2162934
1885667
1027573
0496970
1795156
1939758
1251253
1531355
1584962
0857160
2241971
2171767
1979066
2147234
0175819
1864988
1540121
0714155
2041415
1146174
0824047
1313522
0063835
0884477
0414366
0237414
0077196
1568114
0897300
0295746
0245219
0701753
1210463
0187671
0241450
1571964
1507531
0585327
1266977
1111277
0457830
0136500
0072870
0082967
0062258
1234832
0447785
0918184
0301967
0140272
0523012
0066533
0996579
0151678
1413317
0944221
0219233
2124076
1462854
0529811
0996087
0066413
0076845
0681536
1649738
0450540
1335195
1872634
0690074
0942763
1318416
2068053
0454595
0745361
2175627
1073030
1690964
1340494
0738965
0966176
1240324
1719561
1469661
1461207
0175821
0885090
1922848
1723789
1013667
1858302
1062482
1857215
0807870
1285638
0819084
2049626
0803689
0745521
1701067
0796416
1706716
1633998
0776777
1081563
2044905
1753485
0996410
0996453
1469672
1417964
0885622
1152283
1758713
1046881
1830876
1103339
0710652
0509541
1469709
0727643
1567881
1457710
0570728
1380666
1263090
1555715
0466768
1204296
1926827
1426948
1218924
2063809
0469779
1390327
0418967
0369472
1883790
1495298
1619902
1525660
1758483
1206453
1840139
1420117
2260088
1471167
1823702
1088600
1484701
1567292
1921777
1723906
1111113
1055150
2194956
1932603
0962924
2220792
2158999
1617649
1417441
2089280
2233490
2212259
1979061
1687332
1758424
2251120
2235142
1891187
1891966
1855197
1758486
1252082
2099324
1855337
1508047
1368055
2218523
2032511
1749661
2239301
1840423
1584021
1230040
1531175
1973442
2067948
0724121
0619697
2243949
0097110
0851153
1143414
0574292
1093637
2026727
0833334
0136181
0442919
1426059
0454780
1726753
1557910
0353522
0064202
0901370
0673361
0091356
1563459
1890576
0967812
0874829
1883803
1122472
0967830
0383876
0848058
0167073
0562558
1110774
2222405
2072219
0064891
1864787
2080563
1459120
0155603
2206628
1408802
1542796
2132459
0732747
1838529
0447777
2096267
1798654
0783933
0454747
1325112
1539422
1336451
0332910
0182178
1256475
2018709
1223346
2262511
1681022
0614080
0136161
1521101
0957905
1251240
1035114
1619921
1962770
1270710
0764132
0732118
1184706
0523179
1274803
0765604
1052986
0885174
1884753
1486550
1581712
0850835
1291973
1163810
0572863
0523148
1376795
1008572
0656580
1099167
0738259
1173947
0852361
0127649
0793020
0799596
0582365
0920951
2259875
1124054
1159626
0966109
1543693
0923708
0136165
1277986
1193030
1158113
0143389
0922626
1933201
1276530
1598901
1358106
1133135
0957225
0143373
1950554
1725762
1192235
0662510
1084922
2126018
1615889
1255846
0979659
0136182
0719827
1784215
0992232
1781350
1386685
1552206
0890939
0573944
0936618
0809054
1331909
0917712
0647819
0136162
0062260
1352225
0134597
0570801
1313666
0350203
0918736
0077518
1336071
0758359
1983851
0167122
1829586
0517105
0420194
0273083
1289187
1541390
0523168
0890662
1758701
1104208
0065577
1918305
1188038
1001973
1099011
0361575
1818164
0550468
0517633
1902706
1070335
1006795
1030259
2259583
0275249
1451426
1216808
1926848
1600520
1124594
1234384
1820311
1563979
1417777
1662815
0926152
0853775
1228464
1899145
0083356
2094357
1980863
1806228
1359885
1714820
2128060
0463096
1630487
1355201
0202466
1326007
0169310
0048340
1455997
1043369
0447803
1564412
1355200
1772155
1548200
0356149
1036822
1540395
0179022
0636482
0063286
0751325
1239223
1376991
1094916
0299647
0147028
0957980
1052486
0174885
1422830
1484700
1018861
1713232
0064904
2017851
0302019
0038671
2116194
1073334
1022382
1623699
1765610
1555985
1323660
1094687
0573368
1455320
1346116
2003241
0440054
1204271
0875560
1351340
2240254
0918557
0944208
2171061
1098956
0233765
0500443
2236360
1879981
0337951
1351195
2124340
0279936
0960135
1522867
0774035
1364712
1085194
1414395
1794564
1033590
0939510
2260054
0967838
0773222
0280348
1940180
1543648
1931897
2049579
0434345
0771762
1404391
1196802
0610659
1534869
0573367
0875344
0962825
0772253
1522562
0958085
1373821
0883339
1055698
0978113
0977928
1048528
0602228
0975825
0422859
0174884
0573369
0704643
1461334
1649868
1619369
0800871
0458675
1654709
0953525
1535841
1287590
1336323
2021848
0586259
0336316
1455902
1383371
0576251
1023003
0548477
0492493
0735009
1278429
1036801
1284221
1586905
1941127
1255008
1010452
0059107
0362859
2184006
0235626
1633873
0855449
1567620
1037465
0184899
1616482
0712062
0275729
0996526
0942395
2192666
1379571
2201197
0662509
1784292
0136184
1355445
1337508
1700606
0848069
0454583
0523218
0313724
0870126
2031889
2123951
1204184
0340217
0130598
2234631
1979606
0917341
1337461
0394078
0849350
2243380
0245920
1189525
2207336
1338551
1198137
2189858
0955449
1243371
0435289
0931743
1249564
1186595
2059195
1498555
0476813
2070642
2024691
0728571
0888030
0929800
1719820
0487399
1260949
2070772
1385344
1232502
0357866
1647811
1503445
1552976
1559654
1692199
1763779
1055154
1058493
1663301
2193787
1567825
1623412
1554751
1377655
2154432
1124972
1542646
1762142
2090708
1708263
1558772
1465847
1903010
1861594
1275811
1113449
1517329
2221719
1781328
2117313
1348827
1342007
1929102
1072668
1923371
1711195
1249912
1647142
1221755
1028490
1172360
1488620
1103952
2157114
1287207
2243572
1338515
1502612
2244487
1683150
0564217
2072465
0896106
0974654
1125619
0509496
2259104
0890644
1340401
1709268
1739298
2180098
0747557
0743928
1726480
1126597
0789704
0323097
0602762
0304640
1146070
0796297
2116123
0184369
0995399
1146069
1043800
1337501
0979649
1017972
2096268
1036821
1337502
1785533
1769168
0279893
0851157
1347237
1911423
0809454
1156006
0362903
0816285
1345203
1449582
0175724
1337511
1540297
0302987
0301977
2066265
1737573
1767578
1936341
0466917
1351592
1646257
2073069
2066882
0093500
1774335
1768891
1675548
1601572
1878581
1681554
1050675
2040355
1921500
1806229
1135961
1060984
1066523
1824499
1694806
1807111
1560577
1882581
1818166
1047759
1686421
1550758
1960029
0521262
1943161
1806232
1401605
2036176
1689673
1889545
1034888
1239645
0524795
1571317
1585256
0759286
2231272
2139323
0584541
1468804
1158577
2139677
0781149
1672431
1084078
1042331
1398168
1897992
2175260
1900831
1726483
1037834
0526028
1033949
1970744
1312509
0440694
1053532
0637453
1099168
1312523
0905853
1846149
1062392
0239592
1527514
0043892
1806211
1685190
1071955
2091949
1254187
1833885
1447563
1341992
2137132
2162362
1037167
1468807
2045491
1387066
1398927
1966540
1943166
1995036
1341989
0781272
2072257
1132237
0979466
0985789
0709877
0677584
0218850
0847480
0523171
1707735
0901369
0102237
1153404
1195442
0720225
0136197
0195749
0734099
1288663
1523895
0610689
0894321
0538339
0895290
1523369
1344995
0209555
1031474
0065834
0968446
0062226
0478314
0880572
0171956
1627560
0114448
1548863
1754185
2178266
0689371
1335117
0539184
0781086
0554595
0730802
0306459
0706209
1907013
0572858
0551410
0773044
0642084
1569049
0960175
1287591
0692381
1335116
2142087
0457893
1543036
1542798
0548480
0768395
0538594
0586256
0540048
1002458
0773533
1509369
0564013
1036701
1723103
0538259
0554933
0564624
0539186
0548883
0280174
0730399
1335215
1418871
0568994
0773019
0920945
0796296
0586041
1763588
0489934
1588561
0554716
0598378
1316961
0091297
0564009
1527556
1036806
0920422
1945292
1601486
0174896
1767100
0586769
0593152
0174901
0547507
0593168
1018931
1309052
0792200
0109461
0062662
0723126
1514524
1338156
0564160
0880575
0593173
1314561
0116710
0901456
0147042
1927216
0353524
0593170
0735040
1014104
0901460
0546334
0901474
0547003
1049867
0782914
0606501
0967847
0171412
1443523
0449728
1296245
0093514
0318361
0996336
1043374
0685372
1354218
0062255
0198449
0114430
1773370
0078550
0738966
1707772
1037614
0732526
0065221
0522876
0302650
0174937
1196996
0750589
0746111
0195006
1251764
1667009
0554721
0523118
0907367
0923417
0901350
0074747
1369849
2132956
2125414
1999287
1253432
1596146
1551547
1451909
1411124
0787578
1265381
1974802
2195779
2211337
0763917
1001821
2093456
0984284
1700012
1019430
1855552
2175577
0735046
1849520
0730316
1041757
0820512
1914385
1647139
1539398
0743290
1348951
1924286
1635084
1378088
0765020
1778940
0930240
1380455
1032474
2116803
0653292
1705402
2026690
1906848
1397217
2039227
1940512
0731604
1534866
1172147
1379879
1384548
1370455
1901546
1592073
1371730
1842566
1739571
1280039
1906812
1386022
1448765
1922541
1716062
2175563
0960998
2004745
0773536
2008455
2003456
1943367
2096269
1992245
1991750
1449320
1900936
0735020
1023007
1053560
1999875
1998935
0540390
2010325
1384617
1158572
0843965
1992133
1997802
0734769
0302001
0848059
1158573
2005091
2008454
2000356
1992126
2010474
0687278
0777090
0069770
0167123
1097300
1194995
0114402
0082492
1272644
0157159
2057958
0907363
1149052
0302038
0296013
0685134
0362888
0630229
1043778
1003141
0093513
0064627
0161728
0114425
1192103
0573292
1412618
0713740
0127502
1683145
1028704
1169726
1891667
0097113
0302923
1031455
1637519
0127501
2125161
2191947
2147230
0822062
2171042
1188112
1219389
2264968
0062697
0763430
1656419
2251230
1121273
1714818
1736150
1144436
0136179
1043793
0460483
2106882
0383680
0732415
1548444
1870570
1043724
1538836
0979645
1465203
1444145
0835324
1709677
1150085
1223202
1513134
1283207
0780677
2236316
1773350
1365858
2259663
1634649
1837336
1234230
1521506
1460096
1001812
1222829
2231709
1606079
1915068
1318818
1366121
1670610
1563889
2229412
1666989
1698129
1408695
2185726
1726551
1374642
1637925
1382204
1540006
1122822
0517625
0248122
0908591
1124489
1068481
0673508
0923562
0492492
0925499
0997581
1060652
0443972
1455391
1895014
0943962
0522914
2169272
1693197
1092265
0465268
2170856
1458702
1453430
2123970
1228463
1326646
0063918
1674738
1810960
0958520
0917357
1938172
2101956
1145151
1303460
0708630
1315140
1077156
1227101
2105219
0905078
2239296
1286492
0779704
1052982
1132242
1948105
1231108
2175372
1255533
2201797
1913803
1548402
2111639
2233055
1253163
1230044
1870652
1412890
2213540
0832778
1277631
1909787
0907298
1260870
1003826
1680707
1539297
1877896
1899114
1420069
2162833
1554632
2013250
1949040
2054455
2245655
2259021
2251900
2046694
1541263
1594059
2115317
2060454
2184057
2100821
1258502
1519814
1932450
1951693
1762097
1658463
1385441
1663625
1935194
2240720
1334213
2264793
2039047
1777801
2239066
1551125
1818393
1650653
2242332
1943165
1829675
1682041
2188151
2034205
1736158
2222240
1828262
2091938
2227561
1861811
1519022
1961234
1619847
2154734
2054441
2143568
1176910
2115085
2123883
1905022
1779182
1163999
2004590
1455394
2172296
2058486
1799469
0154392
0483246
0880595
1239225
1168799
1244620
1597903
0074371
0999159
1695911
0097758
0897305
0618977
0184373
1407503
0448054
1776805
0697383
0275110
2006024
0488514
1757785
1222195
0136148
0979652
0202431
1390673
0316509
0457890
0492538
0350200
1519466
0143079
0422704
1217294
0909665
1550821
1746036
1025168
1475361
1954835
0285462
0961756
1399596
1956503
1429072
0227131
0842124
1204260
1299912
1414284
1699127
1162898
0227129
2164986
0457843
2020296
1554094
1223347
2153514
0100211
1815884
1332077
1924170
1129151
0692098
0576246
1545195
0295742
1468398
1931060
0701142
2173590
1503758
1345199
0767540
2003270
1246013
2096085
1404675
1782070
0185324
1341834
1550713
1054078
0396527
1073073
0842353
1302786
1287650
0067670
1304093
0800636
1376551
0331433
1730979
1357956
1114210
1338266
0440696
1378765
1753489
1736103
0985695
2091945
1834825
1169797
0758132
2205702
0993510
1043777
1476103
1387200
1605154
1420606
1602123
1714826
1471734
1539360
2123927
1068361
1686428
1599938
1807123
1834788
1429177
1312876
1204185
0794898
1560946
1535182
2180061
2020515
2258768
1660305
1940255
1349341
2185361
1556013
1303850
1499561
1496924
2136384
1658293
0876574
1981388
1946038
1328044
1251381
1707110
1576113
1254962
1373009
1299226
2157819
1499821
1754077
1351641
1639456
1952462
1443070
1245051
0877089
1564429
1966169
1085159
0735402
1307230
1223924
1564426
0934121
1499817
0736498
2136394
2118954
2147025
2243568
1754078
1596393
1601715
2114079
2145444
1588718
1196995
1123669
1364706
1259625
1223797
1476963
1706712
1463710
1613947
2123710
1592597
2114113
1922017
2123565
1552593
0737605
1588720
1987430
1725766
1987891
1927269
1379035
0874281
1351642
1401767
1842075
1416499
1418311
1093671
1889550
1377656
1378673
1596391
2132115
1119461
1254668
1113294
1807128
0871496
1082464
1230192
1254669
1596392
1283304
0440195
1592610
1736210
1115087
0896698
1601716
2057965
1385076
1198138
0154349
2044258
1795562
1943176
0990061
1154703
1311585
2139321
1412287
1846142
1560576
1906084
1795170
2036174
0468262
0781154
2097519
2090707
2119147
1013061
0547519
1296886
0081864
0848170
1864276
1194597
1355436
1931136
1907482
1824515
1344015
0716336
0085358
2173877
1256114
2057396
1062485
1518449
0384439
1231578
1031647
2033054
1774329
1154960
1878591
1792325
1291351
1726555
1582906
0753075
1550113
0233772
1677382
0677164
1187247
1707576
1900832
0550418
0299620
1611166
2137164
1857537
1062012
1395373
1133688
0854311
1611222
1979428
0900486
1745719
1146230
1647702
1220713
0912143
0136160
1453506
1934728
0907347
0958618
0399871
0485243
0074517
1115404
0143377
1772714
1538518
2031390
0716371
2243788
1383360
0182735
1012153
1014414
0167074
1256682
0675672
0890795
0618968
0069769
1386629
1383407
0337282
1117692
0467550
2253229
2259847
1260869
1290983
1298772
0953561
1036870
1519453
0127633
1958825
1756560
1124999
1099957
0066425
1132238
1200336
0062695
1261342
0812097
1426513
1562161
0927837
0134595
2106315
0454779
1879896
0845910
2189987
1704824
1299601
0418567
1204183
1681635
1379781
1044385
1385519
0842533
1190655
1240934
1521758
0467450
1772014
0192624
1626921
1558572
1361692
1540816
0136150
1789443
1329309
0989702
0394154
1893205
1296002
1521075
0872249
2209492
1148895
0792288
0525838
0518626
1527708
1315041
1542797
2226825
1276405
2130585
0782933
1048552
1409998
2101652
0298506
1303402
1004738
1430003
0774288
0422687
0318594
2168375
2188615
1233588
1028093
1051497
1468794
0864334
2127999
1276526
0440955
1003022
1311582
2206143
1800217
1173944
1449103
2245399
1276727
1833904
1345040
0851156
2088351
1943356
1195689
1311421
2170301
1100739
1498679
1054081
1093824
1092415
0977899
1410102
1410104
1111016
0497639
0497894
1680778
0072480
1700389
0514738
1113385
2136369
1198329
1857541
1379818
0447806
2197895
1563038
1957106
1605637
1715316
1447127
0913940
1166589
2180833
1908679
0868105
1534376
0781152
2019594
1347626
1865143
1008569
2137160
1290539
0718915
0555526
1672425
1749597
1702899
0275671
2041416
1215515
1098609
1053425
1420523
1857543
0517785
1311419
2106202
0497885
1606078
1736177
0935016
2172310
1476339
2223255
1911427
1678522
1452537
1822339
1244756
1677053
1477073
0961972
1976055
0893717
1082296
1244760
1615575
1551549
2165386
1248046
1736242
2176625
0554994
0877683
1574584
1472586
1244468
2018705
0934118
1859253
0685277
1002202
1008573
1065592
0895159
1999871
1682062
0746098
1273374
1050578
1617995
0434362
1826520
1202520
1033762
0577854
0737312
0979868
1063985
0582371
0811679
0817490
0522959
1313042
0576249
1066875
1723913
0757186
0523181
0758789
1869866
0781670
0523184
0576236
0602750
1002747
0391023
1042661
0923717
0901522
0500439
0174893
0783899
0136158
0829994
0564173
0066409
1428219
0188412
1200650
0869717
0478340
0218848
1277604
0681040
0063277
0907389
1079167
1287739
0536306
1010683
0829650
0066411
0901529
0689282
0880574
0723207
0517837
0959267
1526201
1472188
1284226
1611576
0773076
0193982
1410729
0968445
1636315
1429708
1997993
1895800
1283960
1523794
1123299
1093250
1973423
1289638
0980556
0980092
0728940
0681544
0338536
0174853
1666443
1852373
1296186
1610616
1307574
1554795
0449729
0038598
1280724
0875323
2111015
1630052
1193890
1553820
0926108
0843963
1095342
1636453
0072368
0944254
0127050
1875195
0923715
0665003
1036880
0702840
1341849
0063272
1398764
1676760
0198130
1320161
2217838
1605240
0704265
1258526
0923503
0950428
1197194
1421262
1208470
0127034
2174787
1429258
1447977
1265380
0321715
1517885
2259899
0109457
0478967
1204180
0193728
1364623
0418704
0116701
0782915
0056589
1772017
1265320
0187233
1279903
1004662
0480708
0205785
1467694
0361614
1383342
1227256
1014380
1389125
2001287
0068814
0193729
1396728
0487360
1736105
0062708
0875283
1480281
1366848
0428662
1567893
0487344
1469731
0977264
1223344
0063102
1388982
1734386
0719543
1264191
1429156
2118114
1340282
0977267
0202411
1789452
1570250
2226297
2244549
0622055
1573056
0225472
1693789
2054447
2247794
0364670
1026075
1293682
0801612
1336517
0975826
0634628
0572855
0313721
1569462
0447765
0447760
1428031
0411770
0977247
1519485
0132987
2031392
0063920
1570192
0405438
0337955
1146072
0880590
0091366
0735014
0182174
0984996
0109444
1958528
0874832
1410356
0109656
0333814
1373934
1766203
1088416
1620917
0738021
0628313
0805499
1679994
1843606
1468387
1566624
1688962
1461716
1496926
1254089
1319235
1293480
0877087
1605012
1933878
2148543
1472109
0692095
1726039
1054551
2171433
1523054
1859488
1840143
1359886
1548951
1101613
1376665
1261425
1344994
2074640
1423432
0745799
1482540
2228410
0748614
2176031
1798545
1311406
1021870
1161939
0791201
0104814
1414282
1116484
2114201
1593589
2186728
1593381
1906969
1679468
1119554
1626894
2210244
0793692
1179294
1254451
1405302
2243578
1303982
1507344
1151769
1603711
2135681
1658297
1605921
1650403
1261973
2160776
1583942
1482541
1278141
0856817
1711191
2048410
2202486
2203115
1234236
2162060
1281757
2114202
1104662
1502611
1646015
1770844
2266584
2073469
2061717
2014222
2200433
2014220
1681420
2081787
1747769
1623436
0880559
0874688
0922520
1414824
1232503
1054576
0939486
0648476
0962576
2211302
1389715
0923766
2157193
1314986
2180063
0711206
1827290
1975739
0067617
1312743
2019475
1966254
1026714
1235480
0114421
2033183
0451224
1014304
2026755
2127989
1151884
0763431
1878600
1122271
1390114
0136485
1939689
0347754
1754871
2222402
1785635
1399587
0562555
0098085
0977012
1989990
1444742
1559316
1550162
0740887
1977817
0114415
0680474
0437932
0517786
0129325
1092038
1543285
1714819
1054267
1895223
0187239
0924085
0085330
0435273
1668966
0257380
2162376
1072329
2043843
1173868
1767079
2181546
1729159
0930260
1969068
1754084
1759217
1174379
1409353
0713693
1376343
1250763
1115131
1373249
0597780
1735417
1252832
2171883
1778957
1170135
0876577
1450568
2132425
1560883
2162372
0752004
1576955
0902419
2042721
0607518
1174475
1299913
1272849
1349343
1349314
1259067
1376345
1335029
1258555
1373008
1767577
2094375
2136392
1223923
1859254
1241521
1966895
1085189
2118956
2041569
1931348
1270604
1091255
1607515
0536299
0891419
2063400
1607505
1270601
1251382
0744304
1607467
1218277
0525710
0523057
0993942
0143339
1166761
0944175
1594713
1594798
0921289
0062669
0988536
0523187
0063292
0523155
1187867
0523142
0105827
1182715
1602329
1312387
1342280
0759971
0606129
1544175
1594711
0720882
0523009
0523144
0920420
0924608
0948666
0618972
1594734
0487397
1418807
0716451
1298145
0103328
0939483
1164220
1230394
1302750
1088786
1320913
0184994
1044149
1244289
0467386
0901364
0944240
1447126
0094395
1590459
0989278
0062771
0973256
0062687
0062722
0894311
1430019
1544222
0490172
0143396
1611167
0062675
0198445
1790927
0944239
0733079
1320583
1176914
0077513
1056902
0792373
1627581
1284223
1429966
1826524
0490185
0606123
0749478
0066408
0901509
1501838
0730106
1611239
0504825
1581695
0198777
0819685
1696014
0394095
1000013
1544139
0522968
1577680
1826676
0472681
1597829
0197891
